154
344
347
1023
1720
1731
1736
1740
1746
1751
1756
1760
1764
1765
1769
1776
1780
1785
1789
1790
1794
1803
1806
1808
1810
1811
1814
1818
1819
1822
1826
1830
1832
1836
1837
1840
1844
1848
1852
1860
1862
1863
1868
1869
1872
1878
1883
1888
1892
1896
1897
1900
1904
1905
1908
1912
1916
1917
1923
1970
1971
1975
1980
1985
1990
1992
2403
2404
2405
2683
2696
2700
2710
2731
2753
3322
3323
3324
3325
3326
3327
3473
3474
3475
3477
4244
4245
4246
4380
4381
4382
4383
4384
4385
4386
4387
4388
4389
4393
4397
4408
4409
4410
4411
4412
4413
4414
4415
4416
4417
4418
4419
4524
4525
4526
4527
4528
4529
4530
4531
4532
4533
4534
4535
4536
4537
4627
4687
4705
4706
4707
4758
4760
4830
4833
4835
4961
5804
5807
5808
5809
5811
5813
5817
5819
5821
5824
5832
5833
5834
5835
5836
5837
5838
5839
5840
6473
6474
6475
6476
6477
7179
7180
7181
7182
7183
7184
7185
7186
7532
7652
7653
7654
7655
7657
7658
7659
7660
7661
7777
7778
7779
7780
7781
7782
7783
7784
7785
7786
7901
7902
7903
7904
7905
8067
8068
8069
8070
8071
8074
8085
8091
8094
8095
8096
8097
8236
8237
8294
8295
8302
8326
8346
8347
8351
8352
8356
8393
8399
8400
8420
8446
8478
8492
8557
8558
8559
8560
8561
8562
8563
8565
8566
8567
8569
8570
8581
8585
8587
8588
8589
8592
9361
9702
9703
9704
9705
9706
10315
10316
10317
10318
10319
10320
10321
10322
10323
10324
10325
10326
10750
10751
10752
10753
10754
11283
11284
11285
11286
11287
11288
11289
11290
11291
11292
11293
11294
11295
11296
11297
11301
11302
11304
11309
11311
11314
11319
11324
11325
11326
11327
11328
11329
11330
11331
11332
11333
11334
11425
11426
11427
11428
11429
11430
11431
11432
11433
11434
11495
11496
11500
11501
11502
11694
11695
11696
11697
11698
11699
11700
11701
11720
11721
11722
11723
11724
11725
11726
11727
11728
11729
11855
12040
12041
12042
12043
12044
12045
12046
12047
12048
12049
12050
12051
12052
12053
12240
12258
12259
12271
12298
12299
12311
12338
12339
12350
12378
12379
12390
12402
12403
12653
12657
12661
12664
12671
12679
12685
12689
12690
12691
12692
12693
12694
12695
12696
12697
13149
13202
13203
13204
13205
13206
13249
13250
13251
13252
13253
13537
13603
13604
13605
13606
13607
13608
14242
14244
14245
14247
14251
14254
14265
14277
14279
14281
14286
14287
14288
14289
14290
14291
14292
14293
14294
14295
