157
242
342
1311
1312
1313
1314
1315
1316
1317
1318
1319
1320
1322
1325
1329
1331
1340
1341
1342
1343
1344
1345
1385
1418
1455
1488
1490
1519
1559
1561
1562
1597
1644
1645
1864
1963
2056
2144
2223
2321
2323
2324
2385
2388
2519
2635
2637
2639
2640
2641
2647
2651
2657
2662
2663
2664
2665
2669
2671
2672
2673
2674
2683
2691
2693
2728
2770
2772
2790
2887
2941
2942
2944
2976
3019
3068
3069
3070
3071
3072
3073
3074
3075
3076
3077
3078
3079
3080
3081
3085
3089
3091
3094
3095
3101
3102
3103
3104
3105
3106
3107
3108
3109
3110
3111
3112
3113
3574
3576
3617
3619
3648
3652
3653
3654
3754
3755
3756
3757
3758
3759
3760
3761
3763
3766
3773
3775
3777
3781
3782
3784
3891
3892
3893
4018
4019
4020
4021
4022
4138
4139
4140
4141
4142
4235
4268
4376
4502
4667
4753
4754
4755
4756
4757
4758
4759
4760
4761
4762
4763
4764
4765
4766
4767
4770
4771
4774
4779
4785
4787
4789
4790
4791
4792
4793
4794
5175
5177
5268
5345
5560
5992
6057
6058
6059
6060
6061
6062
6063
6064
6133
6197
6300
6301
6302
6303
6304
6305
6306
6307
6308
6309
6310
6311
6313
6314
6321
6323
6329
6330
6331
6333
6334
6335
6403
6483
6484
6485
6486
6488
6493
6541
6548
6551
6555
6558
6586
6589
6596
6599
6602
6606
6618
6654
6656
6665
6688
6953
7294
7295
7296
7297
7298
7299
7300
7301
7303
7309
7311
7313
7315
7320
7322
7323
7324
7325
7326
7327
7328
7329
7330
7452
7453
7454
7455
7456
7457
7458
7671
7672
7673
7674
7675
7791
7923
8019
8125
8163
8200
8255
8256
8257
8258
8259
8366
8445
8568
8569
8570
8571
8572
8762
8945
8946
8947
8948
8949
9173
9328
9390
9454
9517
9610
9677
9753
9896
9968
10209
10334
10501
10628
10696
10919
11043
11180
11315
11426
11566
11567
11568
11569
11570
11571
11572
11581
11584
11585
11590
11591
11592
11593
11594
11595
11596
11597
11598
12023
12024
12025
12026
12027
12028
12029
12030
12032
12037
12047
12053
12054
12055
12056
12057
12058
12059
12060
12061
12062
12063
12064
12294
12296
12449
12522
12524
12525
12611
12613
12639
12644
12759
12760
12764
12765
12768
12775
12777
12779
12785
12786
12787
12788
12789
12790
12791
12792
12793
12794
13375
13429
14147
14148
14149
14150
14151
14152
14153
14154
14155
14156
14157
14158
14159
14160
14161
14177
14178
14179
14180
14181
14182
14183
14184
14185
14186
14187
