514
515
516
517
518
519
520
524
533
534
535
536
537
538
539
540
601
602
603
604
605
606
607
620
626
627
628
629
630
631
632
633
634
635
636
637
717
764
823
872
918
964
1017
1019
1067
1123
1168
1225
1274
1328
1590
1640
1686
1734
1889
1936
1988
2041
2088
2138
2189
2236
2285
2333
2385
2430
2488
2547
2594
2651
2653
2698
2733
2802
2803
2804
2805
2806
3068
3069
3070
3071
3072
3073
3074
3075
3082
3083
3084
3085
3086
3087
3088
3158
3159
3160
3161
3162
3163
3164
3165
3172
3173
3174
3175
3176
3177
3178
3179
3242
3243
3244
3245
3246
3247
3248
3249
3255
3256
3257
3258
3259
3260
3261
3327
3328
3329
3330
3331
3332
3333
3334
3340
3341
3342
3343
3344
3345
3346
3424
3425
3426
3427
3428
3429
3430
3431
3432
3436
3437
3438
3439
3440
3441
3442
3520
3521
3522
3523
3524
3525
3526
3527
3528
3534
3535
3536
3537
3538
3539
3540
3541
3701
3743
3745
3746
3794
3851
4030
4031
4032
4033
4034
4035
4036
4037
4038
4040
4043
4044
4045
4046
4047
4048
4049
4146
4147
4148
4149
4150
4151
4152
4153
4154
4159
4160
4161
4162
4163
4164
4165
4284
4339
4388
4437
4487
4535
4691
4768
4808
4811
4870
5077
5172
5576
5639
5757
5869
6002
6499
6546
6557
6559
6568
6612
6682
6738
6762
6805
6806
6811
6816
6820
6855
6895
6963
7034
7083
7204
7267
7917
7990
8050
8153
8155
8208
8304
9213
9268
9327
9439
9512
9611
9613
9664
9730
9929
10120
10238
10243
10267
10296
11073
11162
11229
11574
11575
11576
11577
11578
11579
11582
11583
11604
11605
11606
11607
11608
11609
11610
11611
11612
11613
11614
12017
12022
12030
12031
12032
12034
12784
12786
12787
14064
14181
14182
14183
14443
14444
14445
14446
14447
14448
14449
