514
515
516
517
518
519
520
524
533
534
535
536
537
538
539
540
601
602
603
604
605
606
607
617
668
849
978
1063
1140
1213
1334
1426
1504
1560
1613
1658
1725
1809
2031
2222
2358
2361
2544
2892
3060
3065
3150
3155
3324
3408
3410
3488
3556
3649
3717
3749
3751
3864
4003
4120
4123
4549
4637
4724
4725
4840
4935
5094
5162
5280
5386
5758
5760
6023
6197
6301
6480
6482
6505
6557
6593
6596
6598
6625
6627
6683
6757
6760
6839
6844
6916
6974
7036
7121
7159
7233
7367
7404
7505
7551
7565
7578
7612
7643
7645
7682
7770
7999
8072
8442
8514
8550
8555
8589
8591
8625
8655
8689
8729
9314
9549
9584
9733
9792
9830
9868
9873
9955
9957
9986
10050
10151
10641
10652
10700
10763
10766
10820
10870
10922
10966
11007
11113
11199
11427
11660
11663
11835
11836
11837
11838
11839
11840
11841
11842
11843
11844
11845
11846
11847
11848
11856
11857
11858
11860
11862
11935
12160
12535
12760
12762
12763
14040
14157
14158
14159
14167
14168
14169
14170
14171
14172
14173
14174
