5
6
7
8
9
10
11
12
528
531
539
540
541
542
543
544
545
546
607
608
609
610
611
612
613
623
1693
2202
2244
2247
2294
2353
2354
2356
2437
2439
2441
2891
3030
3076
3161
3275
3352
3354
3434
3436
3511
3514
3668
4180
4342
4344
4345
4448
4560
4961
5066
5216
5391
5475
5530
5637
5708
5808
5872
5961
6032
6091
6093
6160
6209
6288
6347
6413
6500
6583
6683
6802
6878
6947
7064
7067
7156
7232
7315
7317
7392
7500
7557
7714
7928
8221
9401
10046
11379
11824
11827
11831
11835
11837
11838
11842
11847
11848
11849
11851
12526
12528
12529
13806
13923
13924
13925
14185
14186
14187
14188
14189
14190
14191
