398
399
404
478
576
758
856
1147
2041
2291
2670
2767
2768
2803
2805
2806
2881
2982
3051
3093
3126
3129
3164
3236
3293
3349
3351
3352
3426
3508
3510
3533
3799
3932
4113
4215
4297
4381
4416
4482
4659
4752
5234
5237
5264
5373
5375
5391
5430
5549
5645
5726
5774
5857
6169
6205
6263
6267
6274
6279
6280
6281
6282
6289
6292
6293
6294
6295
6306
6311
6407
6436
6439
6482
6485
6515
6655
6782
7065
7143
7213
7222
7333
7516
7580
7804
7916
7918
7919
8035
8036
8037
8056
8057
8058
8059
8060
8124
8418
8468
8605
8608
8616
8679
8911
8912
8915
8916
8958
8962
9051
9151
9210
9281
9433
9491
9525
9568
9682
9746
9799
9852
9938
10082
10125
10126
10127
10357
10359
10402
10441
10497
10532
10652
10757
10758
10759
10760
10823
10825
10887
10889
10890
10935
10969
11066
11137
11218
11277
11286
11332
11370
11535
11634
11715
12019
12829
12838
13621
13844
13855
14137
14186
14293
14351
14387
14446
14549
14590
14610
14611
14615
14629
14794
14834
14912
