10
12
13
14
27
122
126
127
128
129
130
131
183
184
189
912
913
931
932
933
1116
1301
1435
1638
1828
1964
2095
2261
2353
2489
2657
2789
2929
3102
3187
3196
3468
3676
3685
3808
4095
4257
4490
4615
4834
5053
5241
5476
5797
5987
6100
6218
6325
6486
6703
6920
7115
7265
7266
7267
7284
7285
7708
7717
7891
7900
8362
8582
8583
8584
8602
8604
8735
8744
9065
9232
9247
9248
9249
9250
9595
9604
9605
9901
9910
9911
9912
10197
10206
10527
10536
10537
10664
10665
10666
10684
10686
10775
10784
11459
11470
11479
11773
11781
11782
11862
11871
11880
12088
12192
12304
12330
12331
12588
12597
12747
12756
13221
13240
13352
13361
13443
13580
13597
13684
13701
13765
13766
13775
14298
14307
14404
14413
14535
14630
14647
14712
14713
14715
14732
14734
