21
23
24
25
38
133
137
138
139
140
141
142
194
195
200
292
741
750
879
880
898
899
900
901
902
999
1098
1100
1259
1444
1620
1721
1833
2047
2232
2538
2574
2713
2878
2935
3119
3205
3214
3270
3395
3609
3810
3935
4019
4138
4266
4368
4481
4659
4668
4908
4917
5125
5210
5211
5212
5213
5229
5230
5231
5464
5473
5870
5879
6220
6229
6513
6522
7021
7030
7322
7331
7583
7601
7602
7649
7658
7763
7780
7875
7979
8091
8152
8153
8162
8236
8245
8350
8462
8566
8791
8901
8910
9421
9438
9439
9785
10061
10070
10287
10296
10713
10722
11114
11123
11459
11460
11461
11479
11481
11572
11581
11589
12030
12039
12040
12098
12107
12587
12588
12597
12598
13277
13286
13305
13418
13837
13839
13855
13856
14178
14187
14349
14358
14661
14670
