6
7
8
9
10
12
125
126
127
128
129
130
131
132
134
145
146
147
148
149
150
151
152
176
179
208
239
265
288
298
325
341
350
351
354
369
385
387
388
400
415
434
453
485
492
493
501
541
571
605
632
662
683
712
743
764
792
820
843
858
860
872
889
912
929
931
932
954
974
990
1010
1034
1064
1090
1114
1136
1155
1188
1224
1226
1239
1244
1249
1251
1264
1282
1283
1299
1317
1350
1374
1405
1431
1433
1434
1462
1464
1465
1497
1532
1533
1534
1535
1557
1588
1619
1651
1686
1733
1749
1779
1798
1840
1877
1918
1945
1946
1950
1951
1958
1985
1986
1987
2006
2008
2301
2461
2705
2819
2976
3162
3175
3197
3248
3472
4043
4125
4283
4526
4527
4528
4529
4539
4587
4634
4680
4795
4941
4945
4948
4950
4953
4955
4960
4965
4966
4971
4972
4977
4978
4982
4983
4984
4990
4996
5004
5021
5029
5038
5139
5388
5442
5494
5528
5569
5665
5708
6089
6211
6462
6490
6517
6541
6568
6569
6592
6640
6642
6944
6945
6946
6947
6958
6972
6973
6987
7046
7138
7186
7189
7295
7348
7381
7424
7465
7506
7533
7596
7666
7879
7881
7882
7901
7923
7947
7968
7970
7990
8010
8012
8533
8651
9234
9769
9964
9966
10104
10434
10455
10456
10457
10552
10592
10633
10674
10714
10773
10797
10877
10917
10958
10998
11055
11132
11141
11143
11144
11183
11184
11185
11189
11192
11195
11198
11210
11211
11217
11228
11229
11282
11341
11342
11343
11686
11813
11884
12000
12075
12145
12201
12246
12249
12287
12408
12477
12506
12508
12509
12532
12561
12563
12594
12647
12677
12703
13270
13342
13406
13860
13862
13951
14054
14137
14313
14394
14435
14534
14681
14684
14729
14773
14817
14862
14864
14869
14871
